# Mars Rover Path Analysis
# Generated: 1743715023
# Start: (6000,8000)
# End: (6200,8200)
# Metrics:
#   Total Distance: 56568.578 m
#   Horizontal Distance: 56568.578 m
#   Total Elevation Change: 0.002 m
#   Net Elevation Change: -0.002 m
#   Maximum Slope: 0.000°
#   Average Slope: 0.000°
#   Energy Cost: 56568.582
#   Base Elevation: -4.448 m
#   Waypoints: 202

# X Y Elevation(m) 
6000 8000 -4.448 
6005 8005 -4.445 
6010 8010 -4.436 
6015 8015 -4.426 
6020 8020 -4.411 
6025 8025 -4.410 
6030 8030 -4.419 
6035 8035 -4.437 
6040 8040 -4.439 
6045 8045 -4.430 
6050 8050 -4.412 
6055 8055 -4.415 
6060 8060 -4.442 
6065 8065 -4.451 
6070 8070 -4.439 
6075 8075 -4.429 
6080 8080 -4.427 
6085 8085 -4.428 
6090 8090 -4.425 
6095 8095 -4.421 
6100 8100 -4.419 
6100 8100 -4.419 
6104 8104 -4.435 
6109 8109 -4.450 
6114 8114 -4.457 
6119 8119 -4.453 
6124 8124 -4.449 
6129 8129 -4.445 
6134 8134 -4.445 
6139 8139 -4.445 
6144 8144 -4.446 
6149 8149 -4.449 
6154 8154 -4.449 
6159 8159 -4.447 
6164 8164 -4.447 
6169 8169 -4.446 
6174 8174 -4.450 
6179 8179 -4.451 
6184 8184 -4.455 
6189 8189 -4.456 
6194 8194 -4.457 
6199 8199 -4.451 
6200 8200 -4.450 
